Blog	need	less	than	think	com	media	c	office	work	who	buy	does	do	question	another	maybe	three	very	different	companies	company	their	being	e	b	v	where	conversation	story	along	get	app	store	today	read	me	know	most	hard	find	now	stuff	also	he	place	view	old	nice	change	between	web	mobile	see	re	currently	looking	same	rather	forward	top	before	search	something	over	recently	places	recent	too	hope	might	left	right	better	support	name	account	home	down	project	small	link	ll	open	may	seen	twitter	other	apps	already	much	back	were	done	reading	links	thanks	using	always	please	keep	coming	our	way	interesting	features	everyone	else	few	send	us	email	team	five	years	called	week	year	around	lot	probably	big	deal	kind	far	ve	ever	any	job	got	made	came	m	because	every	day	best	pretty	world	well	into	let	say	post	isn	how	many	why	someone	like	special	things	together	did	often	d	go	make	some	end	tell	anything	product	times	didn	matter	anyone	yet	after	months	would	never	working	don	case	ideas	everything	try	future	happens	hour	real	great	even	ways	important	feel	while	easy	worked	enough	here	them	during	possible	minutes	building	hours	close	including	hand	life	example	am	hell	until	business	start	long	makes	serious	take	care	lives	means	early	morning	late	family	actually	off	through	trying	comes	good	night	next	doing	part	culture	no	daily	own	want	call	doesn	having	give	thing	such	self	true	reason	learned	nearly	super	those	show	going	these	first	really	thinking	mean	course	thought	put	making	takes	without	john	idea	used	design	help	sure	nothing	which	later	problem	built	questions	number	little	creative	gets	run	getting	had	still	full	found	talking	piece	two	look	then	point	side	quick	room	version	data	list	set	create	each	turn	update	person	moment	once	history	moving	high	feature	event	days	wrong	short	talk	wasn	should	original	shows	per	since	page	experience	use	learn	free	asked	said	must	weeks	happened	decided	online	based	worth	marketing	meet	network	helping	especially	ten	won	quite	again	information	yourself	write	she	her	google	second	state	art	system	love	become	almost	facebook	bit	both	hear	word	group	him	went	check	says	water	started	answer	ask	couple	following	via	follow	last	comments	behind	text	posted	whether	fine	tuesday	trump	bad	sometimes	points	likely	past	man	power	book	music	video	phone	his	kim	un	written	tv	others	house	favorite	government	could	control	news	york	heard	white	national	understand	cover	men	personal	told	stop	remember	live	though	money	america	death	friend	wrote	country	president	north	korea	entire	least	continue	th	writing	large	ago	its	readers	site	amazon	game	seattle	robert	pay	social	appeared	friends	share	only	service	photos	four	nbsp	soon	oh	press	blog	de	technology	goes	took	add	living	results	come	simple	photo	hit	content	tools	play	users	against	according	legal	june	light	city	police	internet	series	million	rules	line	month	under	donald	la	jobs	age	k	digital	available	u	whole	public	percent	half	stories	away	announced	able	watch	latest	report	wants	billion	finally	states	itself	parts	dog	movie	woman	playing	youtube	yes
b'Signal v. Noise - Medium'	8	4	14	4	8	7	4	1	56	9	1	4	37	4	6	3	7	6	7	4	21	11	3	9	7	10	39	12	10	2	14	7	1	4	3	27	13	6	7	4	18	5	4	6	7	7	2	1	4	2	5	3	12	24	2	6	10	3	2	12	8	4	6	16	1	1	3	5	3	3	5	8	6	1	2	5	3	6	15	5	1	9	4	6	1	2	10	1	2	6	6	3	6	3	1	4	4	1	4	3	1	28	11	1	1	3	6	6	2	9	2	14	4	8	2	7	3	11	9	2	6	2	3	3	16	1	9	3	2	4	1	9	10	6	11	9	5	5	8	10	2	6	1	7	26	8	10	3	19	1	8	5	3	4	10	6	12	11	7	3	3	2	2	4	1	2	2	7	2	6	4	5	21	2	3	5	1	3	3	2	3	5	5	2	14	3	2	2	3	5	8	6	1	2	1	2	5	1	1	1	4	2	3	3	2	3	3	12	7	2	7	3	1	10	1	1	1	1	3	1	5	4	1	5	1	6	4	4	3	11	2	4	7	3	2	3	3	8	1	1	2	1	2	1	2	6	8	7	9	2	13	5	1	1	2	3	4	3	8	1	3	1	8	4	2	1	5	1	6	2	7	2	1	1	2	2	1	3	5	2	1	2	2	9	1	6	1	2	4	1	2	1	13	2	1	6	1	2	2	2	1	3	3	2	1	1	3	1	1	1	1	9	1	3	2	2	1	2	6	2	2	1	2	2	1	1	1	3	1	1	3	1	1	1	2	1	1	2	2	1	1	1	2	2	7	3	1	1	1	1	3	1	1	1	1	2	3	2	2	1	1	1	2	1	1	1	1	1	1	1	1	2	1	1	1	1
b'Eschaton'	2	5	4	13	7	1	4	1	7	3	1	1	1	3	4	2	5	2	1	2	2	1	6	1	1	4	3	2	1	1	3	1	1	1	3	1	1	2	1	1	1	2	5	1	3	1	2	2	1	1	1	1	2	1	1	3	4	1	1	1	3	1	1	3	2	2	1	4	2	1	3	1	1	2	1	5	1	1	1	4	11	5	1	2	5	4	3	2	4	1	1	1	1	1	3	4	1	1	2	6	2	7	1	1	1	2	2	1	2	2	1	1	1	3	1	5	1	4	3	1	3	2	2	2	5	1	2	2	2	2	3	2	1	1	1	1	1	4	2	1	1	1	6	7	1	1	1	1	1	1	1	1	1	2	2	1	4	1	1	1	2	1	1	2	1	1	1	2	1	1	2	1	1	1	1	1	1	8	4	3	1	4	3	8	1	2	1	1	1	9	1	1	2	1	1	1	1	1	2	1	2	2	3	1	1	2	1	1	1	1	2	2	2	1	1	1	1	2	2	1	1	1	1	1
b"John Battelle's Search Blog"	1	2	1	2	6	1	3	1	1	1	2	1	4	4	1	1	1	1	1	4	1	1	1	1	1	1	1	2	1	10	2	1	1	3	1	6	2	3	4	1	3	1	2	1	1	3	2	2	5	2	2	1	1	1	1	4	1	1	1	2	1	1	1	1	2	2	1	1	5	1	1	1	1	1	2	2	3	3	1	1	2	3	2	2	1	3	2	6	1	1	2	2	1	1	1	2	2	1	1	1	1	1	1	3	1	1	1	2	1	10	1	3	1	3	3	2	2	6	1	1	1	1	3
b'Guy Kawasaki'	2	1	1	2	6	4	3	1	2	2	1	1	1	1	1	1	2	1	2	1	3	1	1	1	1	4	3	3	1	12	10	1	4	1	3	1	1	1	1	1	2	3	1	3	1	1	1	1	1	1	1	1	1	1	1	2	1	1	2	1	10	1	2	1	1	3	3	2	2	1	1	1	2	2	1	2	2	3	1	1	1	1	1	2	2	1	1	1	10	1	1	2	1	2	1	1	1
b'Google Blogoscoped'	2	1	1	1	5	3	4	2	1	1	2	4	4	1	5	4	2	1	2	4	2	3	3	4	1	2	2	2	2	1	1	4	4	5	1	1	1	2	1	2	1	1	2	1	1	1	1	1	6	2	1	4	6	1	4	3	1	1	2	1	4	2	3	1	2	1	1	3	1	1	2	2	4	3	2	2	5	1	3	4	1	2	3	2	2	1	5	1	6	1	1	1	1	2	1	3	3	1	1	1	1	11	1	2	4	1	1	2	4	1	1	1	2	4	1	1	1	1	1	1	1	2	1	1	1	2	6	2	1	1	3	1	2	1	2	1	1	3	2	1	5	2	2	5	1	3	2	3	1	3	1	1	1	1	1	1	3	1	1	2	1	3	2	1	2	1	1	1	1	1	28	1	2	2	1	7	1	1	3	2	1	1	1	5	1	2	4	1	1	1	1	1	3	1	1	4	2	1	2	6	1	1	1	1	1	1	1	3	1	1	1	1	1	1
b'RSS feed  Search Engine Watch'	1	1	1	2	1	1	1	2	2	3	1	1	1	2	1	1	2	1	1	2	4	1	1	5	3	2	1	1	1	1	1	5	1	1	1	1	1	1	1	1	2	1	2	1	1	2	1	1	1	1	1	2	3	1	1	1	2	1	1	1	1	12	1	1	1	1	2	1	5	2	1	15	3	1	1	1
b'Blog News'	2	1	4	1	5	2	1	1	1	2	3	1	2	1	2	2	1	4	2	2	4	1	1	1	1	1	1	1	2	1	1	1	3	1	1	2	5	1	1	3	1	1	1	2	1	1	1	2	2	2	3	1	1	1	1	1	1	3	1	1	1	2	1	1	1	1	1	2	1	1	3	1	1	1	2	1	1	1	1	1	1	6	1	1	1	1	1	1	1	1	2	1	5	3	1	1	1	1	1	2	1	1	1	2	3	1	1	5	1	1	1	2	2	2	3	3	1	1	2	2	1	1	1	1	1
b'ABC News: Investigative Unit'	1	2	1	1	1	7	1	1	1	1	1	2	1	1	1	1	1	1	1	1	1	3	1	1	1	1	1	1	1	2	2	1	13	1	2	1	1	3	1	2	1	1	1	1	1	1	2	1
b'Gigaom'	4	1	1	1	1	1	1	1	1	3	1	1	1	1	3	2	3	3	1	1	2	3	1
b'Unknown title'
b'Celebslam'	1	1	1	1	1	1	10	12	1	1	1	1	1	1	1	1	1	1	1	1	10	1	1	3	1	1	1	10	1	20
b'The Official Google Blog'	6	3	14	1	1	2	3	22	13	3	9	1	2	1	2	6	1	3	68	1	3	3	11	3	5	2	15	16	2	13	2	3	2	12	2	8	19	1	23	3	5	9	4	5	6	6	8	8	30	2	2	2	3	5	6	43	3	19	2	2	7	1	14	6	7	3	2	6	3	7	3	8	10	7	10	3	11	12	4	7	2	13	4	1	15	6	1	4	1	89	12	2	2	7	1	5	2	14	2	5	7	7	2	9	23	15	4	4	1	1	9	4	6	4	15	3	13	5	9	9	6	2	27	8	16	6	1	22	20	8	1	18	1	2	6	5	4	5	24	12	1	2	1	3	1	2	8	5	2	3	4	9	6	2	4	7	7	3	6	4	6	3	13	5	7	1	5	18	2	3	3	3	5	7	2	10	5	2	4	9	3	5	4	2	14	3	4	3	1	13	1	4	11	3	4	5	4	10	3	12	11	3	1	9	12	2	2	3	3	5	1	1	3	3	6	4	2	23	15	1	2	2	13	3	2	1	1	6	8	38	4	18	2	2	3	4	1	2	11	2	4	4	12	6	2	5	1	3	6	11	3	1	1	3	16	6	13	6	3	2	2	4	4	12	3	2	4	2	1	3	4	1	4	2	7	14	13	3	1	3	1	13	3	1	2	3	1	5	3	3	3	14	3	10	19	63	3	1	3	7	2	4	2	2	1	3	6	1	3	2	1	4	2	9	1	2	1	8	4	2	6	5	1	4	2	6	3	7	3	3	2	2	1	5	3	2	2	2	1	6	6	1	5	3	2	5	2	1	1	2	1	1	2	1	5	8	5	2	9	5	29	1	5	2	2	8	9	5	1	3	1	2	18	18	4	3	1	1	6	2	1	2	3	4	10	13	6	3	2	1	4	4	1	1	4	2	8	1	1	4	8	2	5	3	8	11	11	2	2	24	2	5	2	4	4	6	4	3	1	3	1	3	1	2
b'Google Operating System'	2	5	2	1	1	1	3	4	2	9	3	4	1	15	9	3	1	1	1	4	3	1	16	9	3	1	4	3	4	3	9	4	3	3	1	1	53	2	1	2	4	1	1	2	1	1	2	2	4	6	5	2	7	4	1	9	2	1	2	4	1	5	1	1	2	1	3	4	2	1	4	1	1	4	2	2	1	1	5	3	1	3	2	1	3	1	2	2	2	3	1	1	4	1	17	3	1	3	1	1	7	2	6	1	2	2	2	3	3	1	1	4	1	2	1	5	1	7	3	4	2	7	1	5	2	1	1	1	1	1	2	1	2	5	6	2	3	2	1	1	3	2	1	3	5	1	1	1	1	12	1	1	1	1	2	5	2	4	3	3	3	3	1	7	1	4	5	1	4	11	1	1	18	1	2	10	7	1	1	1	1	3	1	3	1	1	2	1	108	5	2	2	1	1	1	2	1	1	2	1	4	2	2	1	3	2	1	2	1	1	1	1	1	2	1	1	1	3	4	2	3	10	6	11	1	1	2	1	7	2	9	2	2	5	4	3	1	2	1	2	2	1	1	1	1	3	1	2	2	2	1	2	1	2	13
b'Creating Passionate Users'	1	1	2	2	2	1	1	1	5	1	1	1	1	2	1	1	1	1	1	1	1	2	1	1	1	2	2	1	2	1	1	1	3	1	4	3	1	1	1	1	1	1	4	2	1	1	1	2	1	1	1	1	1	1	2	1	1	1	1	1	2	1	1	1	1	2	1	1	2	2	1	1	1	1	3	1	1	1	1	1	2	1	1	1	1	1	1	1	1	1	1	1	3	3	1	5	1
b'Instapundit'	2	3	5	2	2	4	2	5	2	2	2	3	1	1	4	2	2	9	2	1	7	2	6	3	1	1	1	2	2	1	2	2	4	1	2	4	3	1	2	1	1	3	1	4	1	3	1	3	1	2	1	1	3	4	2	2	3	3	2	8	4	4	4	2	2	4	1	1	1	2	3	1	1	8	1	6	2	2	4	2	4	2	2	2	3	2	7	1	2	2	1	2	3	3	2	3	6	1	2	3	2	4	2	2	1	2	1	2	2	1	7	1	2	2	8	3	2	1	4	1	2	3	3	1	2	1	1	2	1	4	2	2	2	2	1	3	2	1	2	4	1	2	1	1	4	2	1	1	2	14	1	4	2	2	2	6	3	9	3	4	2	2	2	6	1	2	2	4	4	2	4	6	2	10	12	2	3	4	3	2	2	1	2	1	2	1	4	1	2	2	2	1	3	2	2	2	4	2	2	1	1	1	2	2
b"Jeremy Zawodny's blog"	1	1	1	1	3	1	1	1	1	3	1	3	1	1	1	2	10	1	1	2	2	1	1	1	1	1	2	4	2	1	3	1	1	2	2	2	1	1	1	1	1	1	2	2	1	2	1	1	1	1	1	1	1	1	1	1	2	4	1	1	1	1	2	1	1	1	1	1	1	1	1	1	1	1	1	1	1	1	4	1	1	1	1	1	10	1	1	1	1	1	1	2
b"Joi Ito's Web"	1	1	4	2	1	5	1	1	3	2	2	5	1	2	1	1	1	1	1	1	2	2	1	2	2	1	1	4	1	2	1	1	1	1	1	2	3	2	1	5	1	2	1	1	3	1	1	1	1	1	1	1	1	1	1	1	3	1	1	1	1	2	1	1	1	1	1	1	1	1	1	3	1	1	1	1	1	1	2	1	1	2	3	1	1	2	2	1	2	2	1	2	4	1	1	2	7	1	1	1	2	2	1	1	1	1	2	1	1	2	1	2	1
b'Mashable'	5	2	3	1	2	2	7	4	2	1	3	5	1	1	5	1	10	3	2	3	1	8	3	3	30	5	6	3	6	1	24	11	2	2	1	2	3	1	4	2	24	7	4	1	5	3	2	10	1	1	1	1	3	3	3	1	4	1	6	2	3	1	8	4	4	3	13	2	1	2	4	5	6	3	2	3	1	2	3	4	5	4	1	4	2	4	1	2	3	1	1	7	3	5	2	2	6	6	4	6	5	5	4	5	4	2	5	2	1	1	11	2	2	3	3	1	5	1	1	2	1	3	1	6	5	5	2	2	1	2	3	1	1	4	3	1	1	2	1	12	5	3	2	1	5	2	1	1	1	1	2	2	3	2	1	1	2	1	1	1	2	2	6	1	1	3	10	3	3	2	1	12	5	1	4	3	1	1	1	2	1	1	2	8	6	8	4	1	2	4	2	1	2	1	2	3	1	2	9	1	2	2	2	2	1	1	8	2	1	1	1	7	2	3	1	1	1	2	4	1	3	1	1	1	3	5	1	1	2	1	2	3	5	1	3	3	2	5	1	1	2	4	1	1	1	6	5	1	4	1	5	4	1	1	2	1	1	1	2	2	2	3	2	1	1	2	1	9	10	4	1	2	3	1	2	9	2	14	5	1	3	2	1	5	1	2	2	4	1	1	1	8	1	2	3	1	1	2	1	1	3	1	1	12	6	11	3	3	5	1	7	6	1	2	1	3	2	2	2	1	1	2	1	1	1	6	1	1	2	4	3	4	1	5	2	1	2	1	3	2	1	1	3	1	4	1	1	1	1	3	1	3	5	1	1	1
b'MichelleMalkin.com'	1	1	2	1	2	4	1	2	1	3	7	2	1	1	1	7	1	1	1	1	2	1	3	2	3	1	3	2	1	1	2	4	2	6	1	1	1	3	1	1	1	1	1	1	1	1	1	8	1	1	1	1	1	1	2	6	1	1	1	1	1	2	1	3	1	1	1	1	1	3	1	1	1	1	3	3	1	1	2	1	1	1	1	1	2	1	2	1	1	1	1	2	1	1	1	1	1	1	2	2	1	1	1	1	1
b'The Viral Garden'	8	5	10	32	22	123	17	16	2	5	40	9	4	3	23	3	30	13	72	21	2	18	4	2	4	21	1	4	10	57	22	23	9	19	3	10	17	3	5	2	2	3	2	1	22	4	1	10	16	1	2	4	11	3	9	15	6	4	6	2	5	10	7	10	2	10	2	4	5	20	17	2	12	3	61	19	2	6	20	36	3	8	9	2	30	6	3	3	11	7	27	5	10	8	26	16	3	5	6	5	5	19	7	14	12	12	1	1	20	3	8	1	10	8	1	18	38	10	17	7	3	4	12	9	8	6	43	6	60	25	21	14	27	1	6	5	13	9	5	14	20	17	5	11	1	2	1	14	2	3	1	8	7	31	10	1	15	8	6	4	1	2	4	3	13	19	6	4	2	8	2	5	5	25	50	5	1	1	4	4	6	1	1	2	4	25	4	12	4	8	4	1	7	1	5	3	1	11	5	4	7	2	17	3	9	13	7	19	24	34	1	2	2	6	17	8	4	1	10	5	1	12	5	10	25	23	10	4	8	3	11	4	4	1	2	1	18	1	10	11	2	19	5	6	5	5	3	1	6	40	14	3	10	4	8	2	23	6	1	2	1	1	12	10	5	2	2	6	3	1	2	1	28	10	4	1	1	8	16	1	2	2	3	7	1	20	8	6	1	13	3	4	4	6	8	1	15	5	4	2	1	2	11	1	3	4	3	9	2	5	3	1	2	10	2	14	8	6	4	1	4	3	7	7	14	3	3	6	23	8	16	12	23	1	1	1	3	7	1	7	2	1	5	6	8	5	1	9	2	8	1	2	1	13	4	6	3	2	3	3	5	3	2	4	7	2	1	5	1	9	5	3	5	11	10	12	1	2	3	135	12	8	16	5	5	14	3	1	48	2	10	9	5	8	2	2	15	7	2	10	2	2	9	10	3	1	1	1	7	1	1	1	3	3	3	2	2	3	2	7	1
b'NewsBusters'	1	2	10	2	16	1	6	1	3	2	1	1	1	1	3	6	1	3	1	4	1	1	2	1	3	4	2	21	2	2	3	3	1	1	1	2	2	4	1	5	4	1	3	2	2	7	3	2	2	2	4	3	2	3	1	3	5	2	1	2	7	1	2	1	3	2	1	1	7	6	2	4	1	2	2	1	3	2	1	1	2	1	3	1	6	1	3	3	1	3	3	2	2	8	1	6	6	1	8	1	1	1	8	2	7	1	2	1	2	1	1	5	1	1	11	3	1	1	1	3	1	1	1	1	1	3	1	1	2	1	3	1	2	1	3	2	3	2	2	1	1	2	1	10	1	3	1	1	1	1	1	1	1	1	1	6	2	1	2	2	1	1	2	1	1	1	1	2	3	1	2	1	5	2	2	1	1	3	2	1	1	1	1	2	1	1	1	1	1	1	1	1	1	3	2	1	1	1	3	2	1	3	1	2	2	1	6	3	2	1	1	1	4	2	1	2	2	3	2	1	2	1	2	4	2	2	3	9	50	2	3	14	21	16	1	3	2	1	4	2	9	6	2	1	1	3	2	1	1	5	1	1	1	23	23	12	1	3	1	1	4	2	1	2	1	2	1	2	2	1	6	22	4	15	5	4	1	3	1	4	2	2	2	2	1	3	12	5	5	2	2	1	3	1	3	2	2
b'PaulStamatiou.com - Technology, Design and Photography'	2	2	1	3	1	1	1	1	2	1	1	2	2	2	3	2	16	2	1	2	1	1	1	12	6	1	1	1	2	2	2	1	1	1	4	1	1	1	4	2	4	1	1	1	1	16	16	1	1	2	2	1	4	1	1	3	1	1	3	16	1	3	1	1	2	1
b'Power LinePower Line'	1	1	2	2	1	1	1	1	1	1	1	1	1	1	1	2	1	1	2	1	1	1	1	1	1	1	1	1	1	1	1	1	2	2	1	3	2	2	1	1	1	1	1	1	2	1	1	2	4	2	3	1	1	1	1	1	2	3	3	1	1	1	1	2	1	1	2	1	1
b"O'Reilly Radar"	3	1	1	1	1	2	2	2	2	2	3	1	1	1	1	1	7	1	1	10	1	1	1	1	1	1	2	1	1	1	1	2	2	1	1	1	1	1	1	2	1	3	1	1	1	1	1	2	1	1	1	1	1	2	1	1	1	10	1	1	1	2	1	1	1	2	2	1	1	10	2	1	1	1	1	1	1	1	1
b'Pharyngula'	3	1	1	1	3	1	1	1	3	1	1	1	1	3	1	2	1	1	1	1	1	1	1	1	1	1	1	3	1	1	3	1	1	1	1	1	2	1	1	1	1	1	1	1	1	1	1	1	1	1	1	1	1	1	1	1	1	1	1	1
b"Seth Godin's Blog on marketing, tribes and respect"	1	2	1	5	1	1	1	1	1	1	1	1	2	2	1	1	1	1	4	1	1	1	2	1	2	1	1	2	1	2	1	1	2	1	5	2	1	1	1	1	1	1	1	3	1	2	1	1	1	1	2	2	1	1	1	2	2	1	2	1	1	3	1	1	2	1	1	1	1	1	3	1	2	1	1	1	2	1	1	2	1	1	2	1	1	1	2	1	1	1	2	1	2	1	1	1	1	1	2	1	4	1	1	1	1	1	1	1	1	10	1	1	1	1	1
b'Slashdot'	1	1	6	7	1	2	1	3	1	4	5	9	1	1	15	2	7	7	6	15	1	3	6	6	1	1	1	4	4	6	2	2	2	2	3	1	3	1	1	5	2	1	1	2	4	7	2	1	1	2	2	1	1	5	1	1	1	1	1	2	3	6	1	10	1	3	1	5	1	1	1	1	1	1	4	4	4	1	1	1	1	5	2	2	2	2	5	1	2	1	7	1	9	3	1	2	1	3	1	2	3	2	1	2	1	3	1	1	3	1	1	1	1	5	4	1	3	1	3	1	1	1	1	5	1	2	2	1	2	4	1	2	3	3	1	1	1	3	1	2	5	1	1	3	2	2	14	4	1	1	1	1	2	3	5	2	1	2	1	11	1	1	2	4	1	3	2	1	4	8	3	1	1	1	1	1	1	1	3	2	3	3	3	1	1	5	2	1	1	4	1	9	1	2	2	1	1	1	1	2	1	1	1	1	2	1	1	2	5	1	10	4	1	6	2	1	2	1	1	2	1	2	6	8	1	5	2	2	5	10	4	3	2	2	1	7	2	14	1	2	2	1	3	4	1	13	3	2	1	2	2	2	1
b'ThinkProgress'	1	4	2	1	3	1	2	5	1	1	2	1	1	1	1	1	1	1	3	2	1	2	1	1	1	1	2	1	2	2	1	1	1	6	1	1	2	1	1	1	2	1	1	1	2	1	1	1	3	1	1	3	1	1	1	1	1	1	1	1	1	1	1	2	1	2	1	1	5	7	1	1	1	1	1	4	1	1	1	4	1	1	1	1	1	2	1	1	1	1	2	1	1	1	1	2	1
b'The Dish'	1	4	1	1	3	5	4	2	2	1	1	1	1	7	4	2	1	11	11	7	5	1	2	2	3	1	2	3	1	2	1	2	2	1	1	1	3	4	1	1	1	4	1	2	2	1	1	3	2	1	2	2	3	1	35	1	1	3	1	6	1	1	3	4	1	12	1	3	5	2	2	3	1	1	2	1	1	1	12	8	1	1	1	4	1	8	3	5	3	2	2	1	3	2	1	3	1	3	2	1	2	1	2	4	1	1	1	5	1	2	2	1	1	1	1	4	2	7	1	1	2	4	1	1	3	6	1	1	1	1	3	2	5	4	2	1	2	1	3	2	2	1	1	1	2	1	4	2	1	2	1	3	7	1	1	1	3	1	1	4	2	4	1	1	2	1	4	1	1	1	1	1	1	1	7	2	1	1	1	1	1	2	1	3	1	1	1	1	2	3	1	4	11	1	1	2	2	1	2	1	2	1	1	1	1	1	1	2	1	1	1	2	2	33	3	2	9	2	2	1	3	1	1	6	1	2	1	2	2	2	1	2	2	3	1	2	1	1	1	3	1	1	1	1	3	1	1	1	1
b'WIL WHEATON dot NET'	14	2	23	16	1	4	1	1	55	48	9	65	1	6	7	7	10	5	29	12	1	23	20	2	36	1	25	3	103	55	13	3	9	29	12	6	17	5	5	1	4	3	16	26	3	4	4	3	1	18	20	20	6	3	4	3	2	24	16	3	4	4	3	4	2	3	14	7	12	15	7	14	25	23	15	5	4	1	13	8	11	5	21	26	2	5	14	2	13	1	7	14	1	3	6	9	33	11	4	5	6	2	38	22	8	14	11	5	95	75	24	34	21	5	21	6	15	9	10	7	8	27	8	3	20	72	31	8	26	16	24	24	31	15	13	9	7	36	1	4	3	13	3	29	18	16	35	3	23	3	3	2	8	7	20	3	3	36	9	6	7	7	16	28	2	2	5	14	6	2	7	27	3	21	2	12	9	5	3	2	10	11	5	2	8	5	3	5	6	14	4	4	22	20	8	19	23	14	3	10	26	1	11	10	11	18	3	8	1	4	2	2	2	21	4	45	12	25	30	5	2	1	12	9	10	7	3	28	8	7	14	5	5	2	1	16	7	1	2	10	33	3	5	5	3	6	8	16	9	6	1	7	1	2	2	9	1	24	7	7	2	9	3	3	9	10	7	6	5	4	11	2	6	19	1	4	7	3	2	1	2	1	4	2	7	3	2	9	2	3	6	20	5	2	1	7	2	6	5	5	4	1	3	7	1	14	1	11	7	5	8	13	3	1	1	1	14	2	1	2	2	3	5	1	1	5	3	1	2	3	1	19	3	1	1	2	3	3	7	8	7	13	4	3	4	1	10	2	3	4	1	18	3	4	3	7	1	5	5	9	6	1	7	2	5	1	5	4	3	12	6	1	3	2	1	1	2	3	3	1	3	2	3	4	2	2	12	1	8	1	3	6	3	2	2	5	3
b'43 Folders'	21	16	36	31	17	2	59	70	5	5	74	3	10	14	3	29	7	2	2	19	17	3	6	20	1	6	1	50	8	13	43	82	40	41	16	10	41	27	27	39	7	4	10	15	13	3	10	1	18	48	1	2	9	8	1	2	13	23	29	1	2	2	14	20	16	2	24	27	3	3	1	6	9	3	2	2	37	4	15	1	4	22	5	13	37	25	16	10	13	2	13	8	20	16	10	1	35	36	2	2	8	7	13	3	21	11	2	4	16	3	11	14	10	39	8	25	2	9	7	40	26	38	19	2	28	1	47	57	12	16	14	11	13	24	21	17	21	2	60	20	32	7	68	5	55	3	13	19	45	21	45	28	7	17	14	4	3	8	8	14	6	10	4	20	26	7	46	3	3	12	18	8	3	4	19	14	50	5	13	7	10	5	5	15	28	22	2	5	7	3	4	2	8	3	32	14	4	15	8	11	21	5	3	10	27	2	11	4	7	5	4	14	13	7	10	5	26	5	3	16	17	1	37	4	13	26	3	18	11	4	33	6	9	9	5	3	5	2	27	4	7	24	29	77	5	7	2	10	3	11	4	12	15	6	6	10	30	10	7	45	5	15	2	9	28	4	13	6	11	26	20	7	1	4	10	5	25	21	4	8	3	3	3	3	13	5	4	8	4	1	4	7	6	3	22	2	16	2	5	4	4	11	11	8	1	14	1	1	2	18	1	2	5	2	4	6	8	2	10	5	10	6	15	3	29	17	2	8	3	4	15	12	13	1	7	8	8	3	12	2	2	13	5	2	2	9	7	2	1	13	2	4	15	14	4	6	15	5	4	8	7	7	25	14	1	28	5	16	4	4	2	10	24	3	1	1	2	14	3	2	4	6	11	6	8	2	5	1	4	5	2	2	1	11	4	1	4	3	3	9	2	2	1	2	3	1	5	4	22	3	5	1	5	3	5	3	10	2	1	12	2	5	7	2	3	1	5	6	5	4	1	3	2	3	2	20	1	3	2	5	4	1	1	9	2	7	1	6	3	6	6	1	1	2	1	13
b'456 Berea Street'	3	6	3	1	1	5	1	1	5	3	2	1	1	2	10	2	3	1	1	1	1	4	4	1	1	2	2	4	1	2	1	4	2	1	5	1	1	3	1	3	1	1	1	1	1	1	3	2	3	1	2	1	4	1	4	3	4	4	2	3	1	2	3	1	5	5	1	1	3	1	1	4	1	2	1	3	2	1	2	1	1	2	2	1	1	1	1	1	1	1	1	1	1	1	2	1	1	1	1	1	1	1	1	3	1	2	2	1	2	2	2	1	4	3	1	1	1	1	1	12	1	1	6	1	5	1	3	2	1	2	9	1	1	1	1	2	1	1	1	5	1	2	1	1	1	1	2	2	3	1	2	7	1	2	1	1	1	1	1	1	2	1	2	2	1
b'Autoblog'	3	2	1	3	3	1	5	6	2	1	3	39	1	1	1	1	3	1	5	4	1	2	39	39	1	40	1	6	3	39	1	6	1	1	6	1	1	1	3	1	1	1	1	3	1	7	3	6	1	1	3	5	4	1	3	3	6	3	2	3	1	1	1	3	2	1	1	9	3	1	3	3	3	4	4	2	4	1	4	39	4	4	4	3	7	39	3	4	1	1	4	4	3	32	5	39	1	5	156	3	3	3	3	3	5	1	4	1	40	1	3	9	1	6	1	3	6	1	1	2
b'The Write News'	15	3	2	1	2	1	1	1	15	1	2	1	1	1	3	2	10	1	1	2	1	2	1	2	2	2	1	1	1	1	1	1	3	2	2	1	1	1	1	2	4	2	9	5	2	1	1	1	1	2	1	1	1	9	9	1	1	1	3
b'blog maverick'	4	1	3	2	1	3	1	1	2	1	1	1	1	2	1	1	4	1	1	1	2	1	1	2	1	2	2	1	3	1	3	1	1	2	2	1	1	1	2	2	1	2	1	1	2	3	3	1	1	1	2	2	2	2	2	2	1	1	1	1	1	1	2	1	2	1	1	3	1	1	1	1	1	1	1	1	2	1	1	1	1	1	2	1	1	1	1	1	2	1	1	1	1	1	1	1	2	3	2	4	1	2	3	1	2	2	3	1	1	1	2	1	1	1	4	1	1
b'Boing Boing'	5	6	8	5	4	9	1	5	3	2	1	3	1	3	3	1	6	5	1	3	1	7	2	6	1	3	3	4	8	6	9	1	3	3	4	4	3	3	1	1	3	3	2	1	2	3	1	2	2	1	1	1	5	1	2	1	1	1	4	1	3	2	1	3	1	2	2	1	4	3	2	3	3	3	4	1	5	1	3	2	4	4	7	2	3	3	3	1	2	1	9	2	6	4	2	12	2	3	1	10	3	4	1	3	1	4	4	3	3	3	2	3	1	2	6	4	2	4	2	2	1	3	2	2	3	5	1	1	3	1	7	6	2	3	1	6	3	2	2	3	4	4	9	1	1	3	2	1	1	4	1	1	6	4	2	1	1	3	3	6	1	1	1	1	2	5	1	7	8	3	1	2	2	4	1	2	1	10	2	6	2	1	2	2	2	1	5	3	1	1	2	9	2	4	2	2	1	2	4	1	2	1	1	2	2	2	1	2	2	3	1	2	6	1	6	1	5	1	1	1	1	3	3	1	1	14	9	1	1	5	1	3	1	3	1	7	1	1	3	1	2	2	1	2	5	3	1	3	2	2	1	3	1	4	13	2	1	1	2	3	6	3	2	4	1	7	2	1	1	1	1	2	2	3	2	3	1	3	4	1	3	3	14	7	1	1	1	1	4	1	1	1	1	1	2	4	10	2	1	1	2	8	2	1	1	3	1	2	1	1	5	1	2	2	1	1	11	1	1	2	2	2	6
b'BuzzMachine'	1	6	2	1	1	1	1	1	2	2	2	2	1	3	2	1	1	1	4	2	1	2	1	1	2	1	1	1	1	1	1	4	12	1	1	2	1	2	1	2	1	1	2	16	2	1	1	1	2	1	1	1	1	1	2	1	1	1	1	1	1	1	2	1	2	4	1	2	3	2	1	1	3	1	1	1	1	2	1	18	1	2	1	1	2	2	2	2	1	1	3	1	2	2	1	1	1	1	1	1	1	1	1	2	1	12	2	1	2	2	2	2	11	1	1	2	2	1	1	6	2	15	1	1	1	1	2	2	2	2	2	2	3	1	1	2	1	1	1	1
b"Captain's Quarters"	1	2	1	1	1	1	6	4	1	2	2	2	6	1	1	1	2	1	1	2	1	2	2	1	1	1	3	2	1	1	1	2	1	1	1	2	1	1	3	1	1	3	2	1	1	1	1	1	2	1	1	1	1	1	1	1	1	2	1	1	2	3	1	1	1	2	1	1	1	2	1	1	1	1	1	1	1	2	3	3	1	1	1	1	1	1	6	1	4	1	1	1	1	1	1	1	3	1	2	2	1	1	1	1	1	1	1	1	1	1	1	3	1	1
b'Cool Hunting'	5	6	3	8	2	2	3	1	1	1	2	12	2	3	1	5	1	1	3	2	2	1	1	1	1	3	2	1	3	2	1	2	1	3	4	1	2	1	1	2	1	1	2	1	15	2	1	1	5	3	1	51	1	1	4	1	4	1	3	1	2	2	7	5	2	1	1	8	1	6	2	2	4	6	5	2	1	1	4	8	2	1	2	1	1	1	1	2	1	2	1	1	2	1	1	2	1	2	1	1	4	3	2	2	4	1	1	2	1	1	4	2	1	4	6	3	1	1	1	1	2	2	1	2	3	14	1	1	1	9	3	1	5	1	1	1	5	1	2	1	4	1	2	1	1	3	1	1	1	3	2	1	1	3	1	2	1	1	1	6	1	1	2	1	1	2	7	1	3	1	1	1	1	1	2	3	2	9	1	3	2	3	1	2	1	2	1	50	1	1	9	2	2	2	1	2	1	1	1	6	3	4	4	1	2	2	4	2	1	1	1	3
b'Copyblogger'	1	2	4	4	1	1	2	2	1	1	1	1	1	1	2	2	10	2	1	1	1	1	2	3	1	6	1	3	1	1	2	1	1	1	1	1	1	5	1	4	6	1	2	1	1	3	1	2	1	1	1	1	7	1	1	2	1	1	10	9	1	4	4	1	1	2	1	2	1	4	1	2	1	3	4	1	1	1	1	3	1	1	1	2	1	2	4	2	2	1	3	1	1	1	1	1	11	1	1	1	4	3	2	1	1	1	1	1	2	1	4	1	1	2	1	1	2	1	1	11	2	1	3	1	4	1	2	1	1	2	1	1	4	2	4	1	1	10	1	1	1	1	2	1	1	1	1
b'Latest from Crooks and Liars'	1	1	3	1	1	1	1	1	7	3	2	3	4	4	1	1	1	3	2	4	6	1	2	1	1	3	24	1	1	2	2	2	2	1	3	2	1	1	1	1	2	4	2	1	1	3	2	2	2	1	1	1	2	1	3	6	1	1	2	1	1	1	1	2	1	2	2	1	4	3	1	1	3	1	2	1	2	1	2	2	4	1	2	2	4	2	1	6	2	2	1	2	1	2	2	1	1	1	1	1	3	1	1	5	1	1	1	1	2	2	2	1	1	1	2	1	1	1	1	2	1	3	3	1	3	1	1	4	5	2	3	1	2	1	3	1	1	1	2	1	1	5	1	1	1	2	3	1	3	1	1	2	1	1	1	1	1	1	2	1	1	2	3	2	2	1	1	1	2	4	2	1	1	2	1	2	17	1	1	1	2	3	15	9	4	2	1	3	1	1	1	2	2	1	2	1	1	5	11	14	1	1	1	1	1	1	2	2	1	2	1	1	2	3	3	3	1	1	1	1	1	3	2	6	1	1	3	1	3	1
b'Deadspin'	2	1	3	2	3	3	1	1	4	2	1	4	23	1	2	2	2	3	1	1	2	1	1	2	1	1	2	2	2	4	1	2	1	2	1	1	1	2	2	1	4	4	2	2	1	1	6	1	1	1	3	2	1	1	2	1	2	1	1	2	2	1	1	1	1	4	1	3	1	2	1	2	2	3	2	1	1	10	1	1	2	1	1	3	4	1	1	2	3	1	1	1	2	6	1	1	2	2	1	3	1	1	1	1	1	1	4	3	1	1	1	2	4	1	1	1	6	1	1	1	1	1	2	1	1	1	1	1	3	1	1	4	1	3	3	1	1	1	1	1	1	1	2	2	1	2	1	2	1	1	7	2	1	2	1	1	1	1	2	1	2	2	2	1	6	1	1	2	1	1	2	1	1	1	1	2	1	2
b'Tech'	2	1	3	1	1	6	4	1	1	1	1	2	1	1	2	1	1	1	1	1	1	1	1	1	1	1	2	1	2	1	3	1	1	2	1	1	1	1	1	1	2	1	1	1	1	1	1	2	2	1	1	1	1	1	1	3	1	1	8	1	1	1	2	1	2	1	1	1	1	1	1	1	1	1	2	1	3	1	1	2	1	1	1	1	3	1	1	1	1	1	7	1	1	3	1	1	1	1	4	4	1	1	1	1	1	1	2	23	1	2	2	1	1	3	1	1	1	1	1	1	4	2	2	1	1	1	1	8	1	1	1	3	1	1	2	2	1	1	3	3	1	2
b'Engadget RSS Feed'	3	3	5	1	1	1	3	1	3	5	4	5	1	4	4	5	1	1	1	1	2	1	1	4	2	2	2	1	1	2	3	2	1	2	1	2	1	1	1	1	1	1	2	3	1	1	2	3	3	1	1	3	1	1	1	2	4	1	2	2	2	1	1	2	5	1	1	1	1	2	1	2	1	1	1	1	1	1	1	1	1	1	1	1	1	1	1	2	2	4	1	3	1	1	1	1	2	6	1	1	2	1	2	1	1	1	1	1	2	2	2	2	2	1	1	1	1	1	2	1	1	1	1	2	1	2	2	2	1	3	1	1	1	7	2	2	1	1	6	2	1	3	1	2	1	3	17	6	5	2	1	1	1	1	1	1	1	1	1	4	1	1	6	1	1	2	1	1	2	3	1	3	2	1
b'Gapingvoid'	1	1	6	2	1	1	2	1	1	1	1	2	1	1	1	1	2	1	3	10	1	1	2	1	2	3	2	1	2	1	1	3	1	10	2	1	3	1	2	1	1	2	1	1	1	1	1	4	1	1	1	1	2	2	1	1	1	10	1	1	1	1
b'Gothamist'	2	2	1	2	10	3	4	1	1	1	7	2	1	4	1	2	8	1	2	7	1	2	2	3	8	17	1	1	1	1	1	5	5	1	4	2	1	3	2	3	1	6	1	2	4	3	2	5	1	3	3	1	1	9	1	1	2	1	2	3	4	5	4	1	1	2	2	1	2	6	3	5	3	2	2	1	2	1	4	1	2	2	1	1	12	3	1	4	1	1	4	1	1	1	9	4	1	1	9	1	1	1	2	2	3	1	10	3	6	2	1	1	7	1	1	3	3	1	1	1	2	1	1	1	10	2	3	2	1	5	1	1	1	7	1	4	2	2	1	2	5	1	2	4	1	1	3	1	1	1	2	7	1	2	2	1	2	1	1	2	1	3	1	1	3	3	2	1	2	1	1	1	1	2	1	1	6	4	4	1	5	1	5	3	1	1	2	2	1	1	5	4	1	10	6	1	1	2	11	1	1	1	1	1	2	8	4	1	1	1	1	1	1	1	2	3	1	2	1	2	1	5	1	2	5	29	1	6	2	2	2	1	1	1	16	2	4	1	1	1	3	1	5	1	1	1	2	1	3	1	1	4	5	3	5
b'Joel on Software'	1	1	1	1	1	1	3	1	1	1	10	1	1	1	1	1	1	1	1	1	1	2	1	1	1	1	1	1	2	1	1	1	1	3	1	2	2	1	1	1	1	1	1	2	2	1	1	1	1	1	3	1	2	2	2	2
b'Kotaku'	1	4	3	2	1	1	2	1	1	12	2	2	1	1	1	2	5	23	1	3	1	1	6	2	1	2	1	3	5	1	1	2	2	2	2	1	1	2	1	1	1	3	2	2	2	2	2	1	3	1	2	1	5	1	3	4	4	1	1	1	1	2	2	1	2	6	2	1	1	5	1	1	2	1	1	2	2	1	2	1	2	1	1	1	1	1	3	1	1	2	1	1	3	1	1	1	1	4	1	2	2	2	1	1	1	4	1	4	1	1	2	1	1	1	2	1	2	1	1	3	1	2	2	1	1	2	1	1	1	1	1	1	1	1	1	2	1	1	1	1	2	1	1	1	3	1	1	1	3	2	2	1	1	3	2	1	3	1	1	1	1	1	10	1	3	1	1	1	2	5	1	1	2	1	1	1	1	2
b'kottke.org'	3	3	17	4	4	1	3	2	25	2	4	15	1	2	4	5	8	1	1	17	6	2	2	1	15	1	1	2	7	1	7	15	16	8	15	7	10	1	17	46	2	1	12	2	2	6	1	1	16	14	2	7	2	1	4	3	1	6	11	5	2	1	6	1	6	2	11	5	2	2	6	6	4	1	2	1	5	1	2	3	16	1	10	12	19	1	7	1	3	5	1	3	19	8	2	1	2	7	11	3	1	21	5	2	7	3	4	3	4	6	2	11	5	8	2	5	7	2	8	15	10	11	7	4	25	6	20	2	6	1	2	23	14	5	6	30	2	9	2	3	12	10	5	10	6	10	4	11	7	2	2	1	4	1	27	9	2	5	4	3	5	6	1	1	2	2	4	10	2	7	7	5	1	4	21	13	3	6	2	3	3	3	9	3	4	1	5	4	2	3	2	1	5	2	2	2	1	3	3	3	3	13	2	5	11	1	1	2	6	4	8	2	3	4	4	2	1	3	6	4	2	2	4	1	2	11	8	2	14	15	8	5	2	1	6	5	3	1	2	6	7	10	6	2	5	1	8	1	3	5	2	1	8	2	4	2	12	7	7	2	3	6	9	12	3	3	1	2	3	6	4	9	4	2	6	2	4	9	1	1	1	3	1	4	3	9	11	2	1	4	10	1	2	6	3	2	2	1	2	3	2	2	1	1	4	6	3	2	1	14	11	1	3	9	5	2	6	1	6	1	3	1	6	6	5	2	4	2	2	2	4	2	2	13	1	3	1	5	1	1	3	4	3	2	1	4	6	10	20	4	17	2	25	5	1	3	8	1	12	2	4	3	1	6	2	3	4	1	3	3	1	6	4	10	5	3	4	2	1	4	1	3	2	5	7	6	3	1	7	3	7	1	7	172	2	1	2	3	2	2	6	6	2	6	1	7	1	2	11	4	2	4	1	4	4	3	6	3	4	1	3	1	4	2	3	2	1	2	2	2	7	3	5	1	1	1	1	2	3	5	2	7	3	3	2
b'Lifehack - Feed'	2	2	2	5	5	1	1	1	4	10	1	1	3	1	1	1	1	1	2	2	2	1	1	1	2	1	1	1	1	1	1	1	1	1	1	1	1	2	1	2	2	10	2	2	2	1	1	1	2	1	2	3	1	2	1	1	1	1	2	1	1	2	1	1	3	1	1	1	1	2	3	1	2	1	1	3	1	2	1	1	1	1	2	1	1	2	2	1	1	1	1	1	1	1	1	1	1	1	1	1	2	1	4	1	1	1	2	1	1	1	1	1	1	1	2	1	3	1	1
b'Lifehacker'	4	2	3	1	2	1	1	4	1	2	2	1	7	1	6	2	1	5	3	1	3	24	1	2	1	10	1	1	4	1	3	2	2	2	2	2	3	1	1	2	1	1	1	1	1	1	1	2	1	6	2	1	3	2	2	2	1	2	1	3	2	2	1	1	2	1	1	1	2	4	1	1	1	6	3	1	5	3	1	1	1	1	14	2	1	1	8	4	1	1	2	2	1	5	1	2	3	4	1	1	1	2	1	2	4	1	1	2	1	3	2	1	2	1	2	4	3	1	1	2	3	2	1	1	2	2	2	1	1	2	1	1	1	2	2	1	1	1	2	1	2	1	2	1	1	1	2	2	2	3	3	1	1	1	3	1	4	2	1	3	1	1	1	6	1	1	1	6	2	3	2	2	1	1	1	2	1	2	1	2	1	3	1	2	1	1	1	1	1	2	1	2	1	1	2	1	1	1	1	1	1	1	2	1	1	2	2	1	1	1	1
b'Little Green Footballs'	1	1	3	14	1	7	1	1	13	1	5	7	2	1	7	1	1	5	4	2	2	7	4	7	4	8	1	12	3	3	1	2	17	2	8	36	4	3	1	8	1	4	2	1	5	3	3	1	2	1	10	1	2	1	2	4	1	27	6	2	6	7	4	1	2	4	1	5	2	11	7	1	2	3	2	5	2	1	4	1	2	2	1	2	2	2	2	2	12	3	5	7	3	4	8	3	3	4	4	2	4	6	4	4	3	6	4	2	8	2	2	1	1	3	1	1	1	1	1	2	1	6	4	3	5	8	1	1	1	3	5	5	1	3	7	1	2	16	1	1	1	1	2	1	1	1	3	4	1	2	2	1	1	2	2	3	1	6	1	6	5	3	2	2	1	2	1	2	5	10	22	6	8	4	1	3	2	2	2	1	4	3	2	4	7	1	2	2	3	2	2	2	2	1	2	2	4	1	3	3	2	1	1	2	7	3	2	1	3	2	2	3	1	3	1	2	2	2	1	2	1	2	1	11	1	2	3	2	1	2	2	4	1	2	1	1	2	2	1	1	1	2	1	1	5	2	1	2	16	4	6	2	2	1	1	2	2	4	1	2	2	72	6	3	3	2	16	6	35	14	11	2	1	4	2	5	3	8	1	4	6	2	1	3	2	8	2	2	4	1	1	1	3	15	9	11	1	6	1	1	5	2	6	4	1	1	3	2	6	1	1	1	2	2	3	1	11	1	3	13	2	11	9	11	2	1	3	3	14	1	1	3	1	2	2	4	2	4	3	2	1	19
b'Make: DIY Projects and Ideas for Makers'	1	10	2	3	2	1	2	1	4	1	1	2	2	1	10	3	1	20	10	1	2	2	3	1	1	10	1	1	3	1	1	1	1	1	3	1	1	1	10	10	1	1	1	2	1
b'Matt Cutts: Gadgets, Google, and SEO'	1	3	1	1	1	1	2	1	3	1	1	1	1	2	1	2	4	2	1	2	1	2	3	1	1	1	1	1	2	2	1	1	1	1	1	6	1	2	2	2	4	1	4	1	1	1	2	1	1	2	1	1	2	4	1	2	1	1	1	1	1	1	1	2	1	1	1	2	1	1	1	3	1	1	1	1	1	1	1	1	1	1	1	1	1	2	1	2	1	1	1	1	1	1	1	1	2	7	2	1	1	4	1	1	1	1	1	1	4	2	1	1	1	1	1	6	1	1	3	1	1	2	6	1	1	1
b'mezzoblue'	1	1	1	1	2	2	1	1	1	1	3	1	4	1	1	1	3	1	1	1	1	1	2	1	3	1	1	6	1	1	1	1	1	1	2	1	1	2	1	1	1	1	1	1	1	1	2	2	1	1	1	1	1	1	1	1	1	1	2	1	1	1	1	1	1	1	1	1	1	1	1	2	1	2	1	1	2	1	1	1	1	1	1	1	1	1	3	1	1	1	1	1	1	1	1	2	2	1	1	1	1	3
b"Neil Gaiman's Journal"	12	6	13	7	28	2	3	1	22	47	4	5	39	1	10	3	8	17	7	1	19	8	13	4	23	4	8	4	33	1	3	27	65	10	10	8	14	29	5	11	51	6	10	3	5	7	21	10	2	9	2	1	17	22	21	3	2	19	15	4	7	10	6	4	4	4	4	1	6	8	15	1	9	2	2	20	2	23	20	22	12	15	4	1	3	5	3	5	9	8	9	2	2	9	5	13	2	21	3	2	1	22	6	6	40	5	13	6	7	1	10	1	30	8	12	2	22	15	6	56	34	3	13	8	2	17	9	14	7	2	6	8	19	16	4	10	40	2	51	5	20	2	23	23	23	33	2	9	6	8	10	4	4	5	12	7	37	12	4	12	4	3	6	2	3	4	2	3	30	2	1	7	10	1	5	2	37	41	4	2	2	1	9	2	4	3	8	20	1	6	1	11	5	2	11	1	2	7	6	4	5	7	8	10	9	6	5	23	12	11	25	6	11	8	16	1	2	5	7	19	10	2	2	1	5	1	5	6	26	13	23	23	6	1	8	16	5	5	1	6	3	4	10	10	5	28	5	10	3	9	4	2	8	43	12	1	6	12	2	23	7	27	1	4	1	3	1	10	1	10	4	7	3	4	1	3	9	23	5	7	8	12	7	2	5	9	2	4	4	15	15	4	3	2	2	2	3	1	5	2	4	1	5	5	6	6	15	13	15	2	5	14	22	2	10	2	16	6	7	9	18	21	1	3	11	5	4	8	1	3	19	8	26	1	5	1	5	7	2	11	3	59	3	7	1	31	1	3	6	5	3	2	21	2	12	2	2	3	22	1	1	5	2	6	5	3	18	3	6	4	11	1	1	1	3	1	19	24	2	28	5	5	6	13	8	1	1	9	5	22	3	7	307	2	4	3	11	1	2	10	10	1	2	5	1	9	1	1	1	1	1	2	1	5	1	5	6	3	1	7	4	1	6	1	1	1	6	6	7	4	12	10	1	5	1	4	2	2	3	2	2	6
b'PerezHilton'	2	1	1	1	1	2	1	1	5	1	1	1	1	1	2	2	2	1	1	2	2	1	1	1	1	3	1	4	2	2	3	1	2	3	1	1	3	2	1	2	1	2	2	1	1	1	2	1	1	1	1	2	2	2	1	2	1	3	1	1	2	1	1	1	1	1	1	1	1	1	1	1	1	1	2	6	7	1	4	7	1	1	1	2	1	1	3	1	3	2	1	3	1	2	2	3	2	1	2	1	1	1	1	3	1	2	1	1	1	1	1
b'plasticbag.org'	1	1	1	2	1	1	1	1	2	2	1	5	6	1	2	2	1	1	1	1	2	1	1	2	1	1	1	1	1	1	1	1	1	1	6	1	1	2	1	2	1	1	1	3	1	1	1	1	1	2	1	1	1	2	2	1	1	6	1	1	1	1	1	1	1	1	1	1	3	1	2	1	1	2	1	1	1	5	2	1	1	3	3	2	1	1	1	2	1	1	1	1	2	1	1	1	1	1	3	1	1	1	1	1	3	1	1	1	1	1	1	1	2	1	1	3	1
b'Derek Powazek'	1	1	2	4	1	2	3	1	1	7	3	1	4	1	1	4	3	1	6	2	15	6	2	3	1	10	1	2	5	2	2	1	4	1	3	7	1	3	1	2	1	8	5	1	2	2	1	1	4	2	2	2	4	1	1	1	3	1	1	2	2	1	4	1	4	1	3	1	1	1	5	4	5	3	4	1	1	1	1	1	1	11	1	1	1	2	1	12	3	3	2	1	3	2	4	1	3	3	7	1	1	9	2	1	1	4	2	2	4	1	3	1	1	1	1	1	4	2	3	4	2	1	1	5	1	1	5	1	2	1	5	6	2	1	1	1	1	5	3	1	1	1	1	1	2	1	1	1	1	1	2	1	1	2	2	2	1	1	4	1	1	1	3	4	2	3	2	1	1	1	1	1	1	1	2	1	1	1	7	2	2	3	4	1	1	1	9	7	2	1	1	1	2	1	4	1	1	3	1	1	1	1	3	1	2	1	2	1	1	2	2	1	3	7	9	1	1	2	3	2	3	2	1	1	4	1	1	7	1	3	1	6	3	1	1	1	2	3	1	1	1	4	2	2	1	2	2	2	1	1	2	1	1	1	2	3	3	1	1	1	1	1	1	1	1	1	1	1	1	1	2	1	1	2	1	1
b'ProBlogger'	3	1	1	1	1	1	1	8	1	1	1	1	3	5	6	4	2	6	1	2	1	1	2	7	2	1	3	1	1	3	1	6	1	4	1	1	1	1	4	1	1	1	7	1	2	1	1	5	1	1	1	4	3	1	4	1	1	3	2	1	1	1	22	21	1	7	5	3	1	2	2	1	3	1	5	1	1	2	1	3	5	1	1	1	1	3	7	1	3	3	3	1	4	2	2	1	1	3	2	2	1	8	2	1	1	5	1	2	1	1	1	21	3	1	2	4	1	1	2	3	1	1	1	1	2	1	11	1	1	1	1	9	1	1	3	3	1	1	2	1	3	3	2	1	1	6	1	1	1	3	2	2	3	2	1	5	3	1	20	2	3	40	1	1	3	14	4	4	3	2	1	2
b'Quick Online Tips'	1	1	5	2	3	1	1	2	5	1	19	1	4	1	1	2	1	1	6	10	1	3	13	5	1	1	1	5	4	2	1	1	4	1	2	1	9	11	1	1	1	1	1	5	1	1	1	1	1	3	1	1	1	3	1	1	1	3	11	2	1	3	8	1	1	4	1	8	2	16	1	1	5	1	2	9	4	5	8	4	1	1	1	1	1	1
b'ReadWrite'	2	1	5	1	3	2	1	2	5	1	1	4	3	4	1	1	1	1	1	4	2	1	1	1	1	1	2	2	2	3	3	1	1	1	3	3	1	1	1	1	1	1	4	2	2	2	1	3	2	1	2	1	7	3	1	2	1	1	2	1	3	3	3	1	1	6	3	3	5	4	1	2	1	1	1	2	1	1	2	3	1	1	1	1	4	1	1	1	1	4	2	1	2	3	2	2	2	3	2	1	1	1	2	1	1	1	2	1	2	1	1	2	1	1	1	1	1	1	2	1	2	1	1	8	1	3	3	1	2	2	2	5	2	3	4	3	1	2	2	1	1	1	1	2	1	1	1	1	1	2	1	1	4	2	4	1	1	5	2	4	1	1	3	1	6	2	2	1	2
b'Schneier on Security'	1	2	1	2	1	2	3	1	1	2	1	1	1	1	1	1	1	1	1	1	1	1	3	1	1	2	1	1	1	1	4	1	1	1	1	1	2	2	1	1	1	1	1	2	1	1	1	1	1	1	1	1	1	1	1	2	2	2	2	1	1	1	1	1	1	1	1	1	2	1	1	2	1	2	1	1	1	2	1	1	1	1	1	1	1	3	1	1	1	1	1	1	1	1	1	1
b'ScienceBlogs'	1	1	5	2	1	1	1	3	1	1	2	1	1	2	1	1	1	1	1	1	3	1	1	3	3	1	1	1	1	2	1	1	1	2	1	1	1	1	1	1	4	2	1	1	1	3	1	2	1	1	2	3	4	1	1	3	1	1	1	1	2	2	1	1	1	1	1	1	2	2	1	2	3	1	1	3	1	1	1	1	1	1	1	1	1	2	4	1	1	1	1	4	1	1	1	1	1	1	2	1	1	1	1	5	1	1	1	1	1	1	1	1	4	1	8	1	2	2	4	1
b'Search Engine Roundtable'	3	2	1	2	1	2	4	4	1	1	1	1	1	2	1	2	16	3	1	2	1	2	1	1	1	1	1	1	2	1	1	1	1	1	1	1	1	1	1	2	3	1	1	2	1	1	3	1	1	4	1	1	1	1	2	1	1	1	1	3	1	30	1	1	3	1	3	1	1	1	1	2	1	2	2	1	5	1
b'ShoeMoney'	1	6	1	2	2	6	1	8	2	1	2	1	6	1	3	7	1	3	5	3	3	7	4	2	2	3	1	2	6	2	1	1	4	1	1	2	3	1	1	1	1	3	3	3	3	1	1	1	2	2	3	2	4	1	2	1	8	1	1	2	2	5	2	3	2	1	1	3	1	1	5	3	5	3	1	18	3	7	1	4	2	3	2	12	7	1	1	1	3	1	1	2	2	1	6	1	4	1	3	1	2	3	5	3	9	1	2	1	2	2	3	5	1	2	2	1	1	1	2	1	2	2	2	1	1	1	2	2	1	1	1	1	2	4	4	1	1	1	3	1	1	3	1	2	1	1	1	3	3	3	1	2	2	5	2	2	3	2	1	2	1	1	2	4	5	1	1	4	11	2	1	1	1	1	1	4	2	3	1	1	2	1	2	2	1	2	1	1	1	1	2	1	1	2	3	3	3	2	1	9	2	1	2	13	1	1	2	2	1	2	1	8	1	3	1	3	3	2	1	3	1	2	2	1	1	1	1	1	6
b"Sifry's Alerts - David Sifry"	6	5	12	6	1	2	1	7	14	4	3	23	2	2	3	10	2	3	1	21	1	10	2	1	2	22	1	6	5	8	7	8	4	3	4	2	16	2	7	8	1	1	6	3	3	34	4	7	3	5	10	5	3	8	13	3	4	2	1	6	2	2	2	2	3	2	3	17	3	1	8	2	11	1	5	6	1	5	2	1	1	1	2	11	4	10	2	1	2	2	14	3	6	5	2	2	3	10	5	9	2	4	3	3	25	2	2	1	6	2	11	1	8	2	2	8	16	10	5	4	4	2	18	8	8	19	10	6	2	3	4	7	15	21	6	2	8	5	1	3	2	4	2	2	4	7	1	2	2	2	2	2	13	13	1	2	12	2	1	4	7	4	3	2	3	3	3	2	2	4	2	1	2	2	5	4	8	8	1	1	1	11	6	1	2	5	11	1	8	3	3	20	3	1	5	1	1	2	1	3	2	1	13	3	12	3	11	16	2	4	4	2	7	8	2	2	6	7	6	2	11	1	1	4	3	3	2	1	2	4	9	14	4	9	1	1	5	4	6	2	2	4	1	6	6	3	5	4	1	1	5	2	2	3	3	1	4	10	2	5	6	2	2	3	1	1	4	1	1	1	3	2	4	6	3	3	22	2	2	2	1	5	9	1	4	1	6	5	4	2	1	3	2	1	1	2	2	6	1	5	2	1	1	7	1	3	1	2	1	1	1	1	4	1	1	1	1	1	1	3	2	4	1	3	1	1	2	8	1	3	2	1	1	1	3	1	2	4	1	2	6	1	1	1	4	1	8	2	3	5	2	2	1	25	1	1	1	1	6	3	1	4	1	1	3	1	2	7	2	4	3	3	1	1	3	3	2	4	1	3	2	3	2	1	1	2	12	1	2	4	7	3	1
b'SimpleBits'	1	1	1	6	1	2	4	3	2	3	6	1	2	2	3	1	3	1	2	1	1	2	2	2	2	2	2	1	3	2	1	1	2	2	8	3	2	3	1	1	1	2	2	2	1	2	2	1	3	1	1	3	3	1	1	1	1	6	2	2	6	1	2	2	3	2	1	1	6	1	5	4	1	2	4	1	1	4	1	1	1	2	6	1	1	1	1	6	1	1	1	5	3	1	1	1	2	1	1	1	3	4	2	2	1	1	1	2	1	3	3	1	5	1	1	2	1	1	1	3	2	1	1	4	3	1	1	2	2	3	2	1	2	1	2	1	2	1	1	2	4	1	1	2	2	1	1	2	2	1	1	1	2	3	4	6	5	1	1	1	2	1	1	1	1	1	3	1	5	1	8	2	2	1	1	2	1	1	1	4	1	2	1	1	1	1	1	1	2	1	2	1	1	1	1	1	1
b'Steve Pavlina'	1	1	4	1	5	3	5	3	2	2	1	2	1	1	2	2	7	1	3	1	1	2	1	3	2	1	1	1	1	7	4	3	1	3	1	2	1	1	1	1	2	8	1	1	1	3	1	1	2	2	1	4	1	1	6	1	1	1	10	1	24	1	3	8	1	21	1	1	1	1	1	4	2	1	1	2	9	2	1	3	3	2	2	2	1	3	1	1	1	3	4	2	1	1	1	2	1	1	2	2	1	1	4	6	2	1	1	4	2	1	2	1	24	1	1	1	2	2	1	1	1	1	1	1	3	1	1	1	1	1	1	1	3	2	13	1	1	1	2	1	1	1	3	1	2	3	1	3	2	1	1	4	1	1	1	2	2	1	4	1	4	1	1	1	1	2	20	1	6	1	1	1	1	1	1	1	4	1	2	4	2
b'Talking Points Memo'	1	1	1	1	1	1	1	1	1	2	1	4	1	1	1	1	1	1	1	1	2	1	1	1	1	1	1	1	1	1	3	6	6	1	2	2	2	1	2	3	1	1	1	1	1	2
b'ongoing by Tim Bray'	1	2	9	2	2	3	1	5	4	3	2	1	2	1	1	2	4	9	1	1	6	3	12	1	2	3	2	5	3	1	1	1	2	2	2	1	2	4	1	3	8	1	1	3	10	3	7	4	4	2	2	1	3	1	6	1	2	4	5	1	1	1	1	1	2	3	1	1	2	1	2	1	2	2	3	2	2	1	2	3	1	2	1	7	2	2	1	1	1	1	2	1	1	5	2	2	2	2	1	1	2	4	4	3	4	1	1	2	2	1	1	1	11	1	1	1	2	1	1	5	1	1	6	3	1	2	1	1	1	1	1	5	3	2	4	3	4	2	1	1	3	4	1	1	2	1	1	3	3	2	2	3	2	4	4	2	2	1	1
b'TechCrunch'	1	1	2	1	1	3	9	4	3	7	8	1	2	5	3	1	6	5	2	3	1	2	1	1	3	1	1	1	3	1	3	1	2	2	1	1	1	1	1	2	2	1	1	3	2	1	1	1	3	1	1	3	1	3	5	1	1	1	1	1	2	1	2	1	1	1	1	1	1	1	1	1	2	3	1	1	2	1	1	4	1	1	1	3	1	3	3	4	1	1	1	1	1	1	1	3	1	4	1	1	1	1	3	1	2	2	1	1	1	1	3	1	2	1	1	1	1	1	3	1	3	1	1	1	2	2	1	1	1	2	1	2	2	1	1	1	2	1	1	1	1	1	1	2	18	5	3	2	3	1	1	1	2	1	2	1	1	1	2	2	2	3	2	3	6	1	4	1
b'Techdirt.'	17	9	32	13	1	8	3	10	53	3	14	32	4	13	1	8	23	12	24	19	65	30	4	4	3	23	1	39	3	23	12	4	8	6	7	14	25	8	4	23	5	32	75	24	1	4	3	9	7	1	11	8	24	1	5	12	9	7	1	9	4	16	29	9	2	3	13	1	13	2	9	13	10	3	8	5	17	7	1	10	15	27	6	40	43	1	18	31	16	43	4	6	2	11	7	4	1	18	21	6	2	13	10	6	20	31	6	3	21	2	16	16	7	8	7	11	9	9	15	30	6	37	1	14	23	3	8	44	7	7	9	7	17	22	19	11	14	22	14	48	34	28	18	41	20	2	10	8	10	9	27	39	11	3	12	7	10	17	2	7	10	30	2	61	6	2	15	40	1	11	11	3	3	2	11	5	38	2	11	36	5	2	5	17	38	10	4	3	1	4	15	5	3	6	2	8	10	3	6	9	5	12	3	1	10	3	27	17	10	8	5	9	1	6	5	12	3	34	3	24	7	6	17	11	13	8	24	2	6	10	2	3	2	32	5	32	27	40	14	3	3	11	6	13	15	7	11	2	7	6	2	9	8	10	55	2	12	2	7	4	7	4	7	12	43	15	5	14	3	10	14	10	32	14	8	2	5	2	21	5	2	11	2	1	3	2	7	3	4	2	2	6	1	4	8	19	5	6	6	7	4	3	12	4	19	1	22	8	3	2	5	8	4	7	2	3	6	2	8	1	8	6	6	14	1	1	19	20	6	8	16	1	4	2	5	10	5	10	14	2	2	16	5	8	6	2	2	1	3	5	2	15	32	3	1	6	9	2	15	13	1	4	16	9	4	7	2	7	10	7	59	4	2	11	1	3	32	26	3	13	5	4	4	8	3	7	8	3	3	1	5	10	2	3	2	6	1	9	6	14	4	1	3	7	7	47	1	11	1	1	2	5	4	1	3	3	33	16	2	4	1	2	5	3	9	8	4	2	1	6	1	3	2	29	3	5	39	18	4	17	5	5	23	49	2	30	3	13	3	9	3	1	1	2	4	2	10	29	2	2	8	2	9	1	9	3	6	6	9	6	10	2	9	2	2	5	2
b'Tech Blog'	3	2	1	2	4	5	4	2	1	1	2	2	4	1	1	1	1	1	3	2	1	1	2	2	1	2	1	1	2	2	1	2	10	1	1	2	3	3	1	1	1	1	6	1	2	1	1	1	1	1	2	3	2	2	2	1	2	1	1	2	2	1	1	1	2	1	2	1	2	1	1	1	4	3	1	2	1	1	1	2	1	1	1	1	2	1	1	1	2	1	1	1	9	1	1	1	1	1	1	1	3	1	1	7	1	1	1	1	1	10	1	1	2	2	5	1	2	1	4	1	1	1	2	1	1	1	2	1	1	1
b'TMZ.com'	2	1	2	8	3	3	1	1	1	2	8	1	1	2	3	1	1	2	1	1	1	6	3	1	1	2	1	1	1	1	1	1	3	3	1	1	4	1	1	1	1	1	1	2	1	7	1	1	1	1	1	1	1	1	2	1	1	2	2	2	1	1	1	1	5	1	1	2	2	1	1	1	1	2	2	1	1	1	2	1	1	2	2	3	1	1	1	1	2	1	7	8	1	1	1	1	4	2	7	2	3	8	16	4	2	1	2	1	1	1	2	2	5	1	1	1	2	2	1	3	3	1	2	1	1	2	1	3	1	1	4	1	1	1	2	1	5	2
b'Latest Items from TreeHugger'	1	2	2	1	1	1	1	1	1	1	2	1	1	1	1	5	1	1	3	2	1	2	2	1	1	4	3	1	1	1	1	2	1	1	1	3	5	1	4	2	1	1	3	4	1	5	2	5	1	1	1	1	1	1	2	2	1	1	1	4	1	2	1	2	1	2	1	1	1	1	1	2	2	1	1	1	3	2	3	2	1	1	2	1	2	2	1	1	1	1	1	3	1	3	1	1	1	1	2	1	3	2	1	1	1	4	4	1	1	1	1	1	2	5	1	2	1	1	1	1	1	1
b'We Make Money Not Art'	1	1	1	1	1	1	1	4	1	1	1	1	1	2	2	1	1	1	1	2	1	1	3	1	1	1	1	1	1	1	2	1	1	2	1	2	1	1	2	1	1	1	1	1	1	1	1	1	1	2	7	1	1	1	1	2	2	1	1	1
b'Wired'	1	1	1	1	1	1	1	1	4	4	1	1	1	1	1	2	2	1	1	1	1	2	1	3	1	1	1	2	1	1	1	2	2	2	1	1	1	1	2	2	2	1	1	1	1	1	1	2	1	2	1	1	2	8	5	1	1	1	4	1	2	1	1	1	1	1	1	1	3	1	1	1	2	1	1	1	1	1	2	2	1	1	1	1	1	3	1	1	1	3	1	2	2	3	1	1	3	1	1	1	2	1	2	1	1	1	1	1	1	3	1	1	3	2	1	1	1	1	2	2	1	2	1	1	1	1	4	4	1	2	1	1	2	1	1	2	1	1	1	1	2	2	2	1	1	2	2	1	1	2	2	1	2	1	1	1	1
b'Wonkette'	8	5	47	29	11	14	2	16	20	111	3	20	76	5	16	20	10	39	7	4	5	79	37	3	4	3	16	2	11	4	35	19	7	11	33	21	7	12	55	5	52	239	8	1	18	9	6	10	1	25	58	4	7	7	9	4	12	21	16	32	9	2	5	10	9	20	9	43	17	2	17	4	6	27	7	2	21	8	21	3	31	34	10	22	31	55	12	5	1	4	4	25	19	11	7	59	35	2	12	8	8	3	57	5	4	6	20	16	18	29	15	10	18	23	18	11	12	17	19	29	10	25	21	9	15	86	14	23	10	15	15	17	39	22	40	9	9	72	18	30	16	101	9	28	12	31	1	22	34	29	51	11	20	17	19	13	6	16	15	32	4	50	17	10	47	14	2	5	5	7	3	2	15	11	42	1	4	12	32	2	5	8	40	57	15	8	1	2	6	10	4	8	4	6	14	9	9	7	8	8	5	40	7	3	10	6	14	4	24	20	15	15	8	4	24	7	8	17	15	5	47	4	23	25	13	19	12	18	25	18	1	3	10	3	5	9	32	17	37	30	28	30	3	11	19	7	7	13	4	13	7	8	4	12	27	5	50	10	8	3	1	10	21	2	3	8	16	49	13	9	8	7	4	18	24	20	14	6	2	4	1	1	3	6	4	5	1	2	10	2	6	8	2	7	1	2	12	5	1	10	6	25	4	5	19	1	2	13	7	5	7	58	10	1	4	9	1	8	7	2	3	2	4	4	13	9	17	2	2	2	56	63	1	5	32	2	15	26	9	9	1	10	8	3	2	15	59	10	12	13	1	4	3	3	5	4	2	21	32	3	3	3	2	8	4	1	209	22	3	3	8	5	15	5	2	1	6	2	147	32	19	3	9	4	16	2	22	29	2	24	10	3	37	11	5	2	9	6	17	14	5	2	9	31	13	6	1	3	16	37	37	33	6	22	3	2	1	2	3	20	5	7	3	14	8	14	1	8	3	31	3	5	3	28	9	3	1	6	10	3	8	2	1	2	5	18	14	11	37	2	1	1	11	24	5	2	3	7	37	2	3	1	12	12	9	12	6	8	14	5	8	9	2	7	6	3	9	15	4	1	2	2	6	3	2	13
